 34730 0 0 1.8 51982 0
 2192 1 1 1 51982 1
 1379 0.2 0.2 0.2 51982 1
 1368 0.02 0.02 0.02 51982 1
 1388 0.008 0.008 0.008 51982 1
 19833 0.01 0.01 0.01 51982 1
 19792 0.7 0.7 0.7 51982 1
 1841 0.18 0.18 0.18 51982 1
 19790 0.36 0.36 0.36 51982 1
 19851 1 1 1 51982 1
 19267 0.03 0.03 0.03 51982 1
 1474 0.004 0.004 0.004 51982 1
 33720 0 0 1.2 49073 0
 21637 1.2 1.2 1.2 49073 1
 1368 0.01 0.01 0.01 49073 1
 1388 0.002 0.002 0.002 49073 1
 21948 0.08 0.08 0.08 49073 1
 1533 0.01 0.01 0.01 49073 1
 32788 0 0 1.2 47501 0
 32787 0.53 0.53 0.53 47501 1
 19790 0.3 0.3 0.3 47501 1
 20829 0.2 0.2 0.2 47501 1
 1841 0.1 0.1 0.1 47501 1
 19851 0.15 0.15 0.15 47501 1
 19739 0.03 0.03 0.03 47501 1
 19267 0.03 0.03 0.03 47501 1
 1379 0.12 0.12 0.12 47501 1
 1368 0.008 0.008 0.008 47501 1
 1388 0.002 0.002 0.002 47501 1
 21238 0.3 0.3 0.3 47501 1
 21659 0.15 0.15 0.15 47501 1
 19267 0.03 0.03 0.03 47501 1
 32787 0 0 0.53 47500 0
 17628 1 1 1 47500 1
 57354 2 2 2 47500 1
 1474 0.002 0.002 0.002 47500 1
 1388 0.002 0.002 0.002 47500 1
 1368 0.03 0.03 0.03 47500 1
 19267 0.03 0.03 0.03 47500 1
 19739 0.015 0.015 0.015 47500 1
 32783 0 0 0.7 47496 0
 62423 0.5 0.5 0.7 47496 1
 20689 0.2 0.2 0.2 47496 1
 1368 0.008 0.008 0.008 47496 1
 1388 0.003 0.003 0.003 47496 1
 57354 0.1 0.1 0.1 47496 1
 32781 0 0 1.3 47494 0
 21512 0.6 0.6 0.6 47494 1
 20689 0.3 0.3 0.3 47494 1
 19739 0.05 0.05 0.05 47494 1
 19790 0.22 0.22 0.22 47494 1
 19978 0.22 0.22 0.22 47494 1
 1368 0 0.01 0.01 47494 1
 1388 0 0.004 0.004 47494 1
 32779 0 0 1.8 47492 0
 28025 1.8 1.8 1.8 47492 1
 19851 0.2 0.2 0.2 47492 1
 1379 0.1 0.1 0.1 47492 1
 1535 0.005 0.005 0.005 47492 1
 1368 0.018 0.018 0.018 47492 1
 1388 0.006 0.006 0.006 47492 1
 32362 0 0 2.39 48896 0
 62423 2.39 4.07 4.07 48896 1
 32146 0 0 1 46166 0
 5291 0.1 0.1 0.13 46166 1
 31800 0 0 0.58 45516 0
 19842 0.1625 0.25 0.25 45516 1
 1368 0.005 0.005 0.005 45516 1
 1379 0 0.05 0.05 45516 1
 1388 0.005 0.005 0.005 45516 1
 19833 0.005 0.005 0.005 45516 1
 19796 0.3 0.3 0.6 45516 1
 1534 0 0.03 0.03 45516 1
 19267 0.005 0.005 0.005 45516 1
 64125 0.14 0.2 0.2 45516 1
 31786 0 0 0.37 45466 0
 20824 0.252 0.35 0.35 45466 1
 19790 0.0245 0.035 0.035 45466 1
 19792 0.0245 0.035 0.035 45466 1
 20829 0.0245 0.035 0.035 45466 1
 19851 0.0175 0.035 0.035 45466 1
 1368 0.002 0.002 0.002 45466 1
 1379 0.05 0.05 0.05 45466 1
 1388 0.001 0.001 0.001 45466 1
 31784 0 0 0.26 45464 0
 2124 0.1584 0.22 0.22 45464 1
 19792 0.028 0.04 0.04 45464 1
 19851 0.02 0.04 0.04 45464 1
 19790 0.021 0.03 0.03 45464 1
 19833 0.0025 0.005 0.005 45464 1
 1368 0 0.003 0.003 45464 1
 1379 0 0.05 0.05 45464 1
 20829 0.021 0.03 0.03 45464 1
 1841 0.015 0.03 0.03 45464 1
 31063 0 0 1 44288 0
 3480 1 3.65 3.65 44288 1
 30943 0 0 1 44055 0
 30894 1.5 1.5 1.5 44055 1
 30894 0 0 2 45048 0
 17628 1 1.5 1.5 45048 1
 2147 1 1 1 45048 1
 30885 0 0 1.125 44809 0
 1435 1.125 1.125 1.25 44809 1
 57354 1.25 1.25 1.25 44809 1
 1368 0.045 0.045 0.045 44809 1
 29797 0 0 2 46038 0
 1388 0.1 0.1 0.1 46038 1
 1379 0.4 0.4 0.4 46038 1
 1605 0.5 0.5 0.5 46038 1
 19833 0.2 0.2 0.2 46038 1
 25795 2.5 2.5 2.5 46038 1
 28758 0 0 1.25 40445 0
 21512 0.15 0.15 0.17 40445 1
 6473 0.35 0.35 0.4 40445 1
 20689 0.25 0.25 0.28 40445 1
 19851 0.5 0.5 0.5 40445 1
 1388 0.008 0.008 0.008 40445 1
 3299 0.008 0.008 0.014 40445 1
 19833 0.02 0.02 0.02 40445 1
 1388 0.016 0.016 0.016 40445 1
 19739 0.02 0.02 0.02 40445 1
 18304 0.25 0.25 0.27 40445 1
 20478 0.012 0.012 0.015 40445 1
 1368 0.016 0.016 0.016 40445 1
 1348 0.012 0.012 0.012 40445 1
 1388 0.008 0.008 0.008 40445 1
 27917 0 0 1 45507 0
 1388 0.001 0.001 0.001 45507 1
 19785 0.035 0.035 0.035 45507 1
 27859 0.05 0.05 0.05 45507 1
 27860 0.085 0.085 0.085 45507 1
 64125 0.07 0.07 0.07 45507 1
 27916 0 0 1 39238 0
 27913 0.5 0.5 0.5 39238 1
 6024 1 1.25 1.25 39238 1
 27915 0 0 1 39237 0
 27913 0.5 0.5 0.5 39237 1
 49038 1 1.6 1.6 39237 1
 27914 0 0 1 39236 0
 94646 1 3.3 3.3 39236 1
 27913 0.5 0.5 0.5 39236 1
 27912 0 0 1 40461 0
 1388 0.001 0.001 0.001 40461 1
 27911 0.13 0.13 0.13 40461 1
 20860 0.6 0.065 0.065 40461 1
 19383 0.04 0.04 0.045 40461 1
 1535 0.001 0.001 0.002 40461 1
 27911 0 0 1 39233 0
 27910 0.5 0.5 0.5 39233 1
 7946 1 1.25 1.25 39233 1
 27861 0 0 1 45514 0
 27859 0.07 0.07 0.07 45514 1
 27860 0.06 0.06 0.06 45514 1
 19790 0.04 0.04 0.045 45514 1
 1388 0.001 0.001 0.001 45514 1
 63428 0.1 0.1 0.1 45514 1
 27860 0 0 1 39167 0
 1475 1 1.25 1.25 39167 1
 27857 0.5 0.5 0.5 39167 1
 27859 0 0 1 39166 0
 9806 1.625 2.6 2.6 39166 1
 27857 0.5 0.5 0.5 39166 1
 27858 0 0 1 39165 0
 49656 1 1.25 1.25 39165 1
 27857 0.5 0.5 0.5 39165 1
 27635 0 0 1 38911 0
 6492 1 7.5 7.5 38911 1
 27363 0 0 1 38406 0
 20354 0.3 0.35 0.35 38406 1
 27265 0 0 2.5 38251 0
 19747 0.4 0.4 0.4 38251 1
 27264 1.7 1.7 1.7 38251 1
 1410 4 4 4 38251 1
 27257 0.6 0.6 0.6 38251 1
 1414 0.1 0.1 0.1 38251 1
 1831 0.05 0.05 0.05 38251 1
 27262 0 0 2.7 38790 0
 19368 0.45 0.47 0.47 38790 1
 2399 1.15 1.16 1.16 38790 1
 27254 0.5 0.53 0.53 38790 1
 1410 3 3 3 38790 1
 27257 0.6 0.65 0.65 38790 1
 1414 0.1 0.11 0.11 38790 1
 1833 0.05 0.06 0.06 38790 1
 27261 0 0 2.7 38791 0
 20912 2.1 2.4 2.4 38791 1
 27254 0.3 0.32 0.32 38791 1
 1410 4 4 4 38791 1
 27257 0.6 0.65 0.65 38791 1
 1368 0.01 0.01 0.01 38791 1
 27260 0 0 2.7 38246 0
 1989 1.8 1.8 1.8 38246 1
 27254 0.45 0.45 0.45 38246 1
 1410 1 1 1 38246 1
 27257 0.6 0.6 0.6 38246 1
 27259 0.2 0.2 0.2 38246 1
 27258 0 0 2.7 38244 0
 2399 1.7 1.7 1.7 38244 1
 27254 0.5 0.5 0.5 38244 1
 1410 3 3 3 38244 1
 27257 0.6 0.6 0.6 38244 1
 1414 0.1 0.1 0.1 38244 1
 1837 0.05 0.05 0.05 38244 1
 26842 0 0 0.08 37518 0
 7229 0.25 0.25 0.25 37518 1
 1388 0.01 0.01 0.01 37518 1
 1628 0.01 0.01 0.01 37518 1
 1348 0.01 0.01 0.01 37518 1
 17177 0.01 0.01 0.01 37518 1
 26841 0 0 2.7 54989 0
 17628 2.7 5.732 5.732 54989 1
 26734 0 0 1 37265 0
 1368 0.15 0.15 0.15 37265 1
 19833 0.07 0.07 0.07 37265 1
 1348 0.06 0.06 0.06 37265 1
 26733 1 1 1 37265 1
 1388 0.002 0.002 0.002 37265 1
 17177 0.015 0.015 0.015 37265 1
 1474 0.004 0.004 0.004 37265 1
 26733 0 0 10.374 45324 0
 65757 10.374 13.3 13.3 45324 1
 26703 0 0 1 37199 0
 26702 0.12 0.12 0.12 37199 1
 26394 0 0 1 37999 0
 62073 1 1.35 1.35 37999 1
 1451 0.03 0.03 0.03 37999 1
 1623 0.01 0.01 0.01 37999 1
 1388 0.015 0.015 0.015 37999 1
 17177 0.012 0.012 0.012 37999 1
 26393 0 0 3.5 36485 0
 26084 3.5 4.8 4.8 36485 1
 1451 0.09 0.09 0.09 36485 1
 1623 0.03 0.03 0.03 36485 1
 17177 0.036 0.036 0.036 36485 1
 1388 0.045 0.045 0.045 36485 1
 25828 0 0 1 35225 0
 83397 1 1 1.15 35225 1
 1451 0.04 0.04 0.04 35225 1
 17177 0.01 0.01 0.01 35225 1
 19833 0.015 0.015 0.015 35225 1
 1533 0.005 0.005 0.005 35225 1
 1535 0.005 0.005 0.005 35225 1
 25736 0 0 1 35098 0
 20357 0.3 0.3 0.3 35098 1
 25663 0 0 1 34951 0
 82519 0.45 0.6 0.6 34951 1
 1605 0.1 0.1 0.1 34951 1
 19833 0.03 0.03 0.03 34951 1
 24228 0 0 1 32960 0
 24227 0.23 0.23 0.23 32960 1
 1942 0.23 0.23 0.23 32960 1
 19361 0.07 0.07 0.07 32960 1
 1821 0.005 0.005 0.005 32960 1
 1518 0.002 0.002 0.002 32960 1
 17177 0.025 0.025 0.025 32960 1
 19495 0.025 0.025 0.025 32960 1
 11006 0.025 0.025 0.025 32960 1
 20691 0.045 0.045 0.045 32960 1
 24226 0 0 1 32958 0
 70301 1 5.2 5.2 32958 1
 1388 0.02 0.02 0.02 32958 1
 19851 0.5 0.5 0.5 32958 1
 19887 0.5 0.5 0.5 32958 1
 19833 0.1 0.1 0.1 32958 1
 23812 0 0 1 33419 0
 19851 0.5 0.5 0.5 33419 1
 19834 0.5 0.5 0.5 33419 1
 1388 0.02 0.02 0.02 33419 1
 69420 1.00021208226221 7.555 7.555 33419 1
 1368 0.15 0.15 0.15 33419 1
 57354 15 15 15 33419 1
 23648 0 0 1.8 32145 0
 31825 1.8 3.6 3.6 32145 1
 23097 0 0 1 31341 0
 1605 0.35 0.35 0.35 31341 1
 19833 0.1 0.1 0.1 31341 1
 17177 0.03 0.03 0.03 31341 1
 1451 0.03 0.03 0.03 31341 1
 9191 1 2 2 31341 1
 22917 0 0 1 33640 0
 3405 2.8 2.8 2.8 33640 1
 22768 0 0 1.8 30758 0
 6621 1.8 1.8 3.1 30758 1
 22482 0 0 1 40460 0
 19833 0.1 0.1 0.1 40460 1
 62423 1 1 1.5 40460 1
 17177 0.03 0.03 0.03 40460 1
 1451 0.03 0.03 0.03 40460 1
 22191 0 0 6.9 46846 0
 22190 6.975 6.975 15.5 46846 1
 22190 0 0 1 29608 0
 64491 1 1 1.1 29608 1
 22161 0 0 0.82 29527 0
 3376 0.82 1 1 29527 1
 22156 0 0 1 29512 0
 19738 1 1 1.15 29512 1
 21963 0 0 1.8 30522 0
 3387 1.8 3.3 3.3 30522 1
 55262 0 0.07 0.07 30522 1
 1474 0 0.007 0.007 30522 1
 1388 0 0.015 0.015 30522 1
 19833 0 0.2 0.2 30522 1
 19834 0 0.11 0.11 30522 1
 906 0 0.11 0.11 30522 1
 1368 0 0.06 0.06 30522 1
 19267 0 0.035 0.035 30522 1
 1348 0 0.015 0.015 30522 1
 21591 0 0 0.9 32797 0
 25792 0.9 0.9 1.1 32797 1
 21512 0 0 6 43768 0
 21510 6 10 10 43768 1
 21510 0 0 1 27896 0
 1475 1 1 1.125 27896 1
 21247 0 0 0.12 27107 0
 19578 0.12 0.12 0.13 27107 1
 21153 0 0 2.3 26967 0
 19851 0.4 0.4 0.45 26967 1
 19831 0.4 0.4 0.45 26967 1
 19790 0.2 0.2 0.2 26967 1
 1474 0.007 0.007 0.007 26967 1
 1388 0.015 0.015 0.015 26967 1
 19267 0.2 0.2 0.2 26967 1
 1803 0.2 0.2 0.2 26967 1
 3299 0.1 0.1 0.1 26967 1
 57354 1 1 1 26967 1
 7796 1 1 1 26967 1
 21142 0 0 0.8 29368 0
 19851 0 0.15 0.15 29368 1
 19834 0 0.15 0.15 29368 1
 1388 0 0.005 0.005 29368 1
 1368 0 0.005 0.005 29368 1
 57354 0.1 0.35 0.35 29368 1
 39804 3.5 3.5 3.5 29368 1
 21136 0 0 1 26950 0
 19851 0.15 0.15 0.15 26950 1
 19834 0.15 0.15 0.15 26950 1
 1388 0.005 0.005 0.005 26950 1
 1368 0.01 0.01 0.01 26950 1
 55119 2 2 2 26950 1
 21135 0 0 1 26949 0
 6621 1 1 1.2 26949 1
 20984 0 0 0.08 39865 0
 1388 0.01 0.01 0.01 39865 1
 1628 0.01 0.01 0.01 39865 1
 1348 0.01 0.01 0.01 39865 1
 17177 0.01 0.01 0.01 39865 1
 5291 0.25 0.25 0.25 39865 1
 20920 0 0 1 26273 0
 6473 1 1 2.1 26273 1
 1474 0.005 0.005 0.005 26273 1
 1388 0.005 0.005 0.005 26273 1
 19851 0.1 0.1 0.1 26273 1
 19834 0.1 0.1 0.1 26273 1
 20899 0 0 0.08 38402 0
 1388 0.01 0.01 0.01 38402 1
 1628 0.01 0.01 0.01 38402 1
 1348 0.01 0.01 0.01 38402 1
 17177 0.01 0.01 0.01 38402 1
 19933 0.08 0.25 0.25 38402 1
 20896 0 0 1 26103 0
 20895 1 1 1 26103 1
 1451 0.03 0.03 0.03 26103 1
 17177 0.012 0.012 0.012 26103 1
 1623 0.012 0.012 0.012 26103 1
 20890 0 0 1 26089 0
 1605 0.35 0.35 0.35 26089 1
 19833 0.1 0.1 0.1 26089 1
 62423 1 1 1.5 26089 1
 20878 0 0 1 25979 0
 19738 1 1 1.5 25979 1
 20860 0 0 1 25906 0
 22161 1 1 1.32 25906 1
 1368 0.07 0.07 0.07 25906 1
 19833 0.05 0.05 0.05 25906 1
 1348 0.02 0.02 0.02 25906 1
 20837 0 0 1 25842 0
 6473 1 1.4 1.4 25842 1
 1605 0.35 0.35 0.35 25842 1
 19833 0.1 0.1 0.1 25842 1
 20835 0 0 0.18 37709 0
 2402 0.01 0.01 0.012 37709 1
 1382 0.03 0.03 0.03 37709 1
 19893 0.055 0.055 0.055 37709 1
 20920 0.055 0.055 0.055 37709 1
 7228 0.055 0.055 0.055 37709 1
 26841 0.055 0.055 0.055 37709 1
 20694 0 0 1 51458 0
 25999 1 1 1.1 51458 1
 20693 0 0 1.8 49864 0
 20692 1.8 1.8 1.8 49864 1
 20691 0 0 2.1 50148 0
 2053 2.1 2.1 2.1 50148 1
 20690 0 0 2.2 34879 0
 19851 0.35 0.35 0.35 34879 1
 19267 0.025 0.025 0.025 34879 1
 1431 0.025 0.025 0.025 34879 1
 1947 1.9 1.9 1.9 34879 1
 20689 0 0 1 45511 0
 64125 1 1.05 1.05 45511 1
 20688 0 0 1.8 49863 0
 1944 1.8 1.8 1.8 49863 1
 20687 0 0 1 25993 0
 6026 1 1 1.1 25993 1
 20667 0 0 1 32229 0
 9811 1 1 1.15 32229 1
 20656 0 0 1.164 44778 0
 20654 1.164 1.164 1.2 44778 1
 20654 0 0 1.9 48650 0
 62013 1.9 2 2 48650 1
 20539 0 0 5.2 29175 0
 1446 5.2 5.2 6 29175 1
 20391 0 0 1 36145 0
 2103 0 1 1 36145 1
 20355 0.3 1 1 36145 1
 20354 0 0 21.12 48894 0
 8918 21.12 33.6 33.6 48894 1
 20353 0 0 21.648 41834 0
 8918 21.648 26.4 26.4 41834 1
 19932 0 0 1.146 45014 0
 6898 1.14638 1.14638 1.333 45014 1
 19845 0 0 11.8 48653 0
 19840 9.3 9.3 15.5 48653 1
 19844 0 0 1 24766 0
 19842 1 1 1.1 24766 1
 19842 0 0 1 26368 0
 2478 1 1 1.1 26368 1
 19840 0 0 2.27 45049 0
 3489 2.2698 2.2698 2.34 45049 1
 19782 0 0 1 45508 0
 19781 0.208 0.208 0.208 45508 1
 19781 0.416 0.416 0.416 45508 1
 19737 0.166 0.166 0.166 45508 1
 6026 0.083 0.083 0.083 45508 1
 1410 0.04 0.04 1 45508 1
 64125 0.083 0.083 0.083 45508 1
 19749 0 0 1 30757 0
 1474 0 0.003 0.003 30757 1
 19834 0 0.1 0.1 30757 1
 19851 0 0.1 0.1 30757 1
 19833 0 0.03 0.03 30757 1
 57354 0 1.23 1.23 30757 1
 22156 1.8 1.8 1.8 30757 1
 19746 0 0 1 27322 0
 19745 0.1 0.1 0.1 27322 1
 1388 0.002 0.002 0.002 27322 1
 21323 0.1 0.1 0.1 27322 1
 19738 0 0 1 25843 0
 1443 1 1 1.08 25843 1
 19737 0 0 1 24577 0
 19738 1.00048 1.00048 1.1633488372093 24577 1
 19717 0 0 0.35 41838 0
 2556 0.35 1.164 1.2 41838 1
 1535 0.01 0.01 0.01 41838 1
 1368 0.025 0.025 0.025 41838 1
 1388 0.01 0.01 0.01 41838 1
 19833 0.02 0.02 0.02 41838 1
 18270 0 0 1.623 43884 0
 1605 0.1 0.1 0.1 43884 1
 19845 1.623 1.623 1.623 43884 1
 19833 0.05 0.05 0.05 43884 1
 17628 0 0 5.732 53847 0
 25983 5.732 5.732 6.732 53847 1
 17185 0 0 28.5 48888 0
 1479 28.5 28.5 29.5 48888 1
 17145 0 0 1.6 30768 0
 64491 1.6 1.6 4.4 30768 1
 1388 0.01 0.01 0.01 30768 1
 1368 0.05 0.05 0.05 30768 1
 19834 0.25 0.25 0.25 30768 1
 19851 0.25 0.25 0.25 30768 1
 1486 0.1 0.1 0.1 30768 1
 1533 0.02 0.02 0.02 30768 1
 16943 0 0 1 27021 0
 1451 0.035 0.035 0.035 27021 1
 21135 1 1 1 27021 1
 19833 0.014 0.014 0.014 27021 1
 1533 0.006 0.006 0.008 27021 1
 1535 0.0045 0.0045 0.006 27021 1
 1388 0.004 0.004 0.004 27021 1
 57354 1 1 1 27021 1
 16400 0 0 0.55 25267 0
 25989 0.75 0.75 0.75 25267 1
 1535 0.003 0.003 0.003 25267 1
 1533 0.003 0.003 0.003 25267 1
 1474 0.003 0.003 0.003 25267 1
 1379 0.03 0.03 0.03 25267 1
 19834 0.11 0.11 0.11 25267 1
 19851 0.11 0.11 0.11 25267 1
 19833 0.025 0.025 0.025 25267 1
 1388 0.005 0.005 0.005 25267 1
 14203 0 0 2.5 16294 0
 25989 0.68 0.68 2.5 16294 1
 12393 0 0 1 29720 0
 9806 1 1 2 29720 1
 10671 0 0 14.6 54994 0
 3480 14.6 30 30 54994 1
 1451 0.1 0.1 0.1 54994 1
 1623 0.06 0.06 0.06 54994 1
 17177 0.075 0.075 0.075 54994 1
 10021 0 0 1 11973 0
 4689 0.15 0.16 0.16 11973 1
 7792 0 0 0.64 36331 0
 12769 0.64 0.64 1.6 36331 1
 7742 0 0 1 25917 0
 19844 1 1 1.1 25917 1
 6696 0 0 1 36491 0
 3387 1.2 1.2 1.2 36491 1
 6695 1.5 1.5 1.5 36491 1
 19833 0.003 0.003 0.003 36491 1
 6473 0 0 1 25841 0
 9806 1 1 1.19 25841 1
 6472 0 0 3 40819 0
 6495 0.2 0.2 0.2 40819 1
 12757 0.25 0.25 0.25 40819 1
 3294 0.25 0.25 0.25 40819 1
 1388 0.02 0.02 0.02 40819 1
 1358 0.08 0.08 0.08 40819 1
 1349 0.15 0.15 0.15 40819 1
 1379 0.25 0.25 0.25 40819 1
 1605 0.3 0.3 0.3 40819 1
 19833 0.02 0.02 0.02 40819 1
 52475 0.15 0.15 0.15 40819 1
 64571 1.1 1.1 2.5 40819 1
 26044 0.07434 0.07434 0.018 40819 1
 6010 0 0 1 25846 0
 1605 0.35 0.35 0.35 25846 1
 19833 0.04 0.04 0.04 25846 1
 7792 1 1 3.46 25846 1
 5291 0 0 1 28253 0
 1451 0.04 0.04 0.04 28253 1
 1535 0.015 0.015 0.015 28253 1
 1533 0.015 0.015 0.015 28253 1
 20667 1 1 1 28253 1
 19833 0.015 0.015 0.015 28253 1
 4689 0 0 5 37993 0
 21238 1 1 1 37993 1
 23812 3.5 3.5 3.5 37993 1
 64380 0.035 0.035 0.035 37993 1
 1368 0.045 0.045 0.045 37993 1
 1388 0.06 0.06 0.06 37993 1
 19833 0.11 0.11 0.11 37993 1
 1478 0.1 0.1 0.1 37993 1
 3576 0.2 0.2 0.2 37993 1
 20837 0.15 0.15 0.15 37993 1
 26734 0.2 0.2 0.2 37993 1
 4257 0 0 1 24545 0
 1451 0.04 0.04 0.04 24545 1
 2418 0.03 0.03 0.03 24545 1
 1623 0.01 0.01 0.01 24545 1
 9191 1.6 1.6 1.6 24545 1
 1605 0.2 0.2 0.2 24545 1
 1822 0.1 0.1 0.1 24545 1
 3829 0 0 1 33578 0
 20890 2.2 2.2 2.2 33578 1
 3527 0 0 1 43432 0
 6026 0.13 0.13 0.13 43432 1
 1410 0.0016 0.0016 0.04 43432 1
 19932 0.268 0.268 0.268 43432 1
 19737 0.35 0.35 0.35 43432 1
 19833 0.005 0.005 0.005 43432 1
 19851 0.22 0.22 0.22 43432 1
 3405 0 0 5.3 32226 0
 1605 1.5 1.5 1.5 32226 1
 19833 0.03 0.03 0.03 32226 1
 20539 5.3 5.3 5.3 32226 1
 3045 0 0 0.1 25989 0
 3001 0.02 0.02 0.025 25989 1
 1382 0.02 0.02 0.02 25989 1
 19893 0.02 0.02 0.025 25989 1
 2219 0 0 0.025 25989 1
 2402 0.02 0.02 0.02 25989 1
 62565 0.02 0.02 0.02 25989 1
 2997 0 0 0.25 25904 0
 20687 0.5 0.5 0.5 25904 1
 19833 0.02 0.02 0.02 25904 1
 19739 0.01 0.01 0.01 25904 1
 1368 0.04 0.04 0.04 25904 1
 2250 0 0 0.1 17050 0
 1435 0.1 0.1 0.12 17050 1
 1451 0.005 0.005 0.005 17050 1
 2147 0 0 1.26 52331 0
 19851 0 0.1 0.1 52331 1
 19834 0.1 0.1 0.1 52331 1
 1474 0.01 0.01 0.01 52331 1
 1388 0.01 0.01 0.01 52331 1
 1368 0.05 0.05 0.05 52331 1
 22191 1.26 1.8 1.8 52331 1
 2124 0 0 20.6 48889 0
 1457 0 0.2 0.2 48889 1
 1388 0 0.025 0.025 48889 1
 1348 0 0.025 0.025 48889 1
 1368 0 0.11 0.11 48889 1
 1496 0 0.1 0.1 48889 1
 1623 0 0.025 0.025 48889 1
 19851 0 1.5 1.5 48889 1
 17185 20.6 28.5 28.5 48889 1
 1532 1.3 1.3 1.3 48889 1
 2047 0 0 5.6 48813 0
 1391 2.5 1 1 48813 1
 19834 1.5 1.5 1.5 48813 1
 19739 0.02 0.02 0.02 48813 1
 19851 0.52 0.52 0.52 48813 1
 1379 0.26 0.26 0.26 48813 1
 1388 0.08 0.08 0.08 48813 1
 1368 0.06 0.06 0.06 48813 1
 17628 1 1 1 48813 1
 1616 0.025 0.025 0.025 48813 1
 3428 0.3 0.3 0.3 48813 1
 19833 0.15 0.15 0.15 48813 1
 32362 0.7 0.7 0.7 48813 1
 20689 0.3 0.3 0.3 48813 1
 1959 0 0 1 25849 0
 3385 0.888888888888889 0.888888888888889 1.2 25849 1
 1474 0.005 0.005 0.005 25849 1
 1388 0.07 0.07 0.07 25849 1
 1379 0.1 0.1 0.1 25849 1
 1431 0.02 0.02 0.02 25849 1
 1605 0.06 0.06 0.06 25849 1
 3373 0.04 0.04 0.04 25849 1
 19833 0.05 0.05 0.05 25849 1
 17177 0.015 0.015 0.015 25849 1
 1938 0 0 3 54897 0
 3367 3 4.6 7.4 54897 1
 19834 0.1 0.1 0.1 54897 1
 19851 0.1 0.1 0.1 54897 1
 19833 0.005 0.005 0.005 54897 1
 1478 0 0 1 24750 0
 1671 1 2.4 2.5 24750 1
 19834 0.1 0.1 0.1 24750 1
 19851 0.1 0.1 0.1 24750 1
 19833 0.03 0.03 0.03 24750 1
 1474 0.002 0.002 0.002 24750 1
 938 0 0 2 50528 0
 1388 0.1 0.1 0.1 50528 1
 1379 0.4 0.4 0.4 50528 1
 1605 0.5 0.5 0.5 50528 1
 19833 0.2 0.2 0.2 50528 1
 21548 2 2 2 50528 1
