 34730 0
 2192 1
 1379 0.2
 1368 0.02
 1388 0.008
 19833 0.01
 19792 0.7
 1841 0.18
 19790 0.36
 19851 1
 19267 0.03
 1474 0.004
 33720 0
 21637 1.2
 1368 0.01
 1388 0.002
 21948 0.08
 1533 0.01
 32788 0
 32787 0.53
 19790 0.3
 20829 0.2
 1841 0.1
 19851 0.15
 19739 0.03
 19267 0.03
 1379 0.12
 1368 0.008
 1388 0.002
 21238 0.3
 21659 0.15
 19267 0.03
 32787 0
 17628 1
 57354 2
 1474 0.002
 1388 0.002
 1368 0.03
 19267 0.03
 19739 0.015
 32783 0
 62423 0.5
 20689 0.2
 1368 0.008
 1388 0.003
 57354 0.1
 32781 0
 21512 0.6
 20689 0.3
 19739 0.05
 19790 0.22
 19978 0.22
 1368 0
 1388 0
 32779 0
 28025 1.8
 19851 0.2
 1379 0.1
 1535 0.005
 1368 0.018
 1388 0.006
 32362 0
 62423 2.39
 32146 0
 5291 0.1
 31800 0
 19842 0.1625
 1368 0.005
 1379 0
 1388 0.005
 19833 0.005
 19796 0.3
 1534 0
 19267 0.005
 64125 0.14
 31786 0
 20824 0.252
 19790 0.0245
 19792 0.0245
 20829 0.0245
 19851 0.0175
 1368 0.002
 1379 0.05
 1388 0.001
 31784 0
 2124 0.1584
 19792 0.028
 19851 0.02
 19790 0.021
 19833 0.0025
 1368 0
 1379 0
 20829 0.021
 1841 0.015
 31063 0
 3480 1
 30943 0
 30894 1.5
 30894 0
 17628 1
 2147 1
 30885 0
 1435 1.125
 57354 1.25
 1368 0.045
 29797 0
 1388 0.1
 1379 0.4
 1605 0.5
 19833 0.2
 25795 2.5
 28758 0
 21512 0.15
 6473 0.35
 20689 0.25
 19851 0.5
 1388 0.008
 3299 0.008
 19833 0.02
 1388 0.016
 19739 0.02
 18304 0.25
 20478 0.012
 1368 0.016
 1348 0.012
 1388 0.008
 27917 0
 1388 0.001
 19785 0.035
 27859 0.05
 27860 0.085
 64125 0.07
 27916 0
 27913 0.5
 6024 1
 27915 0
 27913 0.5
 49038 1
 27914 0
 94646 1
 27913 0.5
 27912 0
 1388 0.001
 27911 0.13
 20860 0.6
 19383 0.04
 1535 0.001
 27911 0
 27910 0.5
 7946 1
 27861 0
 27859 0.07
 27860 0.06
 19790 0.04
 1388 0.001
 63428 0.1
 27860 0
 1475 1
 27857 0.5
 27859 0
 9806 1.625
 27857 0.5
 27858 0
 49656 1
 27857 0.5
 27635 0
 6492 1
 27363 0
 20354 0.3
 27265 0
 19747 0.4
 27264 1.7
 1410 4
 27257 0.6
 1414 0.1
 1831 0.05
 27262 0
 19368 0.45
 2399 1.15
 27254 0.5
 1410 3
 27257 0.6
 1414 0.1
 1833 0.05
 27261 0
 20912 2.1
 27254 0.3
 1410 4
 27257 0.6
 1368 0.01
 27260 0
 1989 1.8
 27254 0.45
 1410 1
 27257 0.6
 27259 0.2
 27258 0
 2399 1.7
 27254 0.5
 1410 3
 27257 0.6
 1414 0.1
 1837 0.05
 26842 0
 7229 0.25
 1388 0.01
 1628 0.01
 1348 0.01
 17177 0.01
 26841 0
 17628 2.7
 26734 0
 1368 0.15
 19833 0.07
 1348 0.06
 26733 1
 1388 0.002
 17177 0.015
 1474 0.004
 26733 0
 65757 10.374
 26703 0
 26702 0.12
 26394 0
 62073 1
 1451 0.03
 1623 0.01
 1388 0.015
 17177 0.012
 26393 0
 26084 3.5
 1451 0.09
 1623 0.03
 17177 0.036
 1388 0.045
 25828 0
 83397 1
 1451 0.04
 17177 0.01
 19833 0.015
 1533 0.005
 1535 0.005
 25736 0
 20357 0.3
 25663 0
 82519 0.45
 1605 0.1
 19833 0.03
 24228 0
 24227 0.23
 1942 0.23
 19361 0.07
 1821 0.005
 1518 0.002
 17177 0.025
 19495 0.025
 11006 0.025
 20691 0.045
 24226 0
 70301 1
 1388 0.02
 19851 0.5
 19887 0.5
 19833 0.1
 23812 0
 19851 0.5
 19834 0.5
 1388 0.02
 69420 1.00021208226221
 1368 0.15
 57354 15
 23648 0
 31825 1.8
 23097 0
 1605 0.35
 19833 0.1
 17177 0.03
 1451 0.03
 9191 1
 22917 0
 3405 2.8
 22768 0
 6621 1.8
 22482 0
 19833 0.1
 62423 1
 17177 0.03
 1451 0.03
 22191 0
 22190 6.975
 22190 0
 64491 1
 22161 0
 3376 0.82
 22156 0
 19738 1
 21963 0
 3387 1.8
 55262 0
 1474 0
 1388 0
 19833 0
 19834 0
 906 0
 1368 0
 19267 0
 1348 0
 21591 0
 25792 0.9
 21512 0
 21510 6
 21510 0
 1475 1
 21247 0
 19578 0.12
 21153 0
 19851 0.4
 19831 0.4
 19790 0.2
 1474 0.007
 1388 0.015
 19267 0.2
 1803 0.2
 3299 0.1
 57354 1
 7796 1
 21142 0
 19851 0
 19834 0
 1388 0
 1368 0
 57354 0.1
 39804 3.5
 21136 0
 19851 0.15
 19834 0.15
 1388 0.005
 1368 0.01
 55119 2
 21135 0
 6621 1
 20984 0
 1388 0.01
 1628 0.01
 1348 0.01
 17177 0.01
 5291 0.25
 20920 0
 6473 1
 1474 0.005
 1388 0.005
 19851 0.1
 19834 0.1
 20899 0
 1388 0.01
 1628 0.01
 1348 0.01
 17177 0.01
 19933 0.08
 20896 0
 20895 1
 1451 0.03
 17177 0.012
 1623 0.012
 20890 0
 1605 0.35
 19833 0.1
 62423 1
 20878 0
 19738 1
 20860 0
 22161 1
 1368 0.07
 19833 0.05
 1348 0.02
 20837 0
 6473 1
 1605 0.35
 19833 0.1
 20835 0
 2402 0.01
 1382 0.03
 19893 0.055
 20920 0.055
 7228 0.055
 26841 0.055
 20694 0
 25999 1
 20693 0
 20692 1.8
 20691 0
 2053 2.1
 20690 0
 19851 0.35
 19267 0.025
 1431 0.025
 1947 1.9
 20689 0
 64125 1
 20688 0
 1944 1.8
 20687 0
 6026 1
 20667 0
 9811 1
 20656 0
 20654 1.164
 20654 0
 62013 1.9
 20539 0
 1446 5.2
 20391 0
 2103 0
 20355 0.3
 20354 0
 8918 21.12
 20353 0
 8918 21.648
 19932 0
 6898 1.14638
 19845 0
 19840 9.3
 19844 0
 19842 1
 19842 0
 2478 1
 19840 0
 3489 2.2698
 19782 0
 19781 0.208
 19781 0.416
 19737 0.166
 6026 0.083
 1410 0.04
 64125 0.083
 19749 0
 1474 0
 19834 0
 19851 0
 19833 0
 57354 0
 22156 1.8
 19746 0
 19745 0.1
 1388 0.002
 21323 0.1
 19738 0
 1443 1
 19737 0
 19738 1.00048
 19717 0
 2556 0.35
 1535 0.01
 1368 0.025
 1388 0.01
 19833 0.02
 18270 0
 1605 0.1
 19845 1.623
 19833 0.05
 17628 0
 25983 5.732
 17185 0
 1479 28.5
 17145 0
 64491 1.6
 1388 0.01
 1368 0.05
 19834 0.25
 19851 0.25
 1486 0.1
 1533 0.02
 16943 0
 1451 0.035
 21135 1
 19833 0.014
 1533 0.006
 1535 0.0045
 1388 0.004
 57354 1
 16400 0
 25989 0.75
 1535 0.003
 1533 0.003
 1474 0.003
 1379 0.03
 19834 0.11
 19851 0.11
 19833 0.025
 1388 0.005
 14203 0
 25989 0.68
 12393 0
 9806 1
 10671 0
 3480 14.6
 1451 0.1
 1623 0.06
 17177 0.075
 10021 0
 4689 0.15
 7792 0
 12769 0.64
 7742 0
 19844 1
 6696 0
 3387 1.2
 6695 1.5
 19833 0.003
 6473 0
 9806 1
 6472 0
 6495 0.2
 12757 0.25
 3294 0.25
 1388 0.02
 1358 0.08
 1349 0.15
 1379 0.25
 1605 0.3
 19833 0.02
 52475 0.15
 64571 1.1
 26044 0.07434
 6010 0
 1605 0.35
 19833 0.04
 7792 1
 5291 0
 1451 0.04
 1535 0.015
 1533 0.015
 20667 1
 19833 0.015
 4689 0
 21238 1
 23812 3.5
 64380 0.035
 1368 0.045
 1388 0.06
 19833 0.11
 1478 0.1
 3576 0.2
 20837 0.15
 26734 0.2
 4257 0
 1451 0.04
 2418 0.03
 1623 0.01
 9191 1.6
 1605 0.2
 1822 0.1
 3829 0
 20890 2.2
 3527 0
 6026 0.13
 1410 0.0016
 19932 0.268
 19737 0.35
 19833 0.005
 19851 0.22
 3405 0
 1605 1.5
 19833 0.03
 20539 5.3
 3045 0
 3001 0.02
 1382 0.02
 19893 0.02
 2219 0
 2402 0.02
 62565 0.02
 2997 0
 20687 0.5
 19833 0.02
 19739 0.01
 1368 0.04
 2250 0
 1435 0.1
 1451 0.005
 2147 0
 19851 0
 19834 0.1
 1474 0.01
 1388 0.01
 1368 0.05
 22191 1.26
 2124 0
 1457 0
 1388 0
 1348 0
 1368 0
 1496 0
 1623 0
 19851 0
 17185 20.6
 1532 1.3
 2047 0
 1391 2.5
 19834 1.5
 19739 0.02
 19851 0.52
 1379 0.26
 1388 0.08
 1368 0.06
 17628 1
 1616 0.025
 3428 0.3
 19833 0.15
 32362 0.7
 20689 0.3
 1959 0
 3385 0.888888888888889
 1474 0.005
 1388 0.07
 1379 0.1
 1431 0.02
 1605 0.06
 3373 0.04
 19833 0.05
 17177 0.015
 1938 0
 3367 3
 19834 0.1
 19851 0.1
 19833 0.005
 1478 0
 1671 1
 19834 0.1
 19851 0.1
 19833 0.03
 1474 0.002
 938 0
 1388 0.1
 1379 0.4
 1605 0.5
 19833 0.2
 21548 2
